	CB10_S1_L001	CB11_S1_L001	CB12_S1_L001	CB13_S1_L001	CB2_S1_L001	CB3_S1_L001	CB4_S1_L001	CB5_S1_L001	CB6_S1_L001	CB7_S1_L001	CB8_S1_L001	CB9_S1_L001
ASV_1	32305	24949	333	8367	4540	33519	30872	11856	899	4682	558	13814
ASV_2	0	0	0	0	13911	1472	2384	13499	156	4	0	0
ASV_3	0	5	5	0	4800	0	0	0	538	81	8619	11197
ASV_4	129	104	790	441	0	130	933	1703	6707	2261	2038	950
ASV_5	0	0	0	0	80	16	74	267	368	8631	2374	322
ASV_6	0	0	8	6258	343	140	86	110	447	14	0	6
ASV_7	0	0	0	0	4437	0	0	0	109	22	703	266
ASV_8	68	93	66	0	188	0	0	0	401	62	2207	2413
ASV_9	635	869	0	0	2246	0	0	0	0	0	344	226
ASV_10	561	408	70	0	0	0	0	0	384	125	2520	251
ASV_11	0	0	3789	0	0	0	0	0	0	0	0	0
ASV_12	0	57	77	0	328	0	0	0	481	0	1553	1232
ASV_13	0	0	0	0	0	0	0	0	919	84	2094	441
ASV_14	439	208	728	0	348	0	0	0	517	0	980	257
ASV_15	0	0	795	1895	0	18	66	121	212	149	66	0
ASV_16	0	0	288	446	0	239	244	207	436	1315	0	0
ASV_17	126	2021	0	0	113	17	39	378	163	0	123	48
ASV_18	0	2	0	0	23	0	0	0	26	242	1484	1106
ASV_19	0	0	726	1613	0	45	45	39	99	0	0	0
ASV_20	0	0	0	0	446	119	211	536	992	43	0	0
ASV_21	0	0	0	0	1095	114	189	844	0	0	0	0
ASV_22	44	24	359	673	78	33	26	23	132	149	493	165
ASV_23	0	0	2130	0	0	0	0	0	0	0	0	0
ASV_24	250	185	251	0	431	0	0	0	282	7	329	156
ASV_25	0	90	63	0	280	0	0	0	83	29	603	742
ASV_26	0	0	0	1133	0	231	130	174	94	4	0	0
ASV_27	0	0	1582	0	0	0	0	0	0	0	0	0
ASV_28	0	57	0	0	0	0	0	0	259	921	106	29
ASV_29	0	0	114	102	8	6	8	24	114	44	878	64
ASV_30	29	529	0	0	25	3	15	0	44	714	0	0
ASV_31	0	0	1213	143	0	0	0	0	0	0	0	0
ASV_32	241	201	23	14	0	8	0	0	5	25	305	510
ASV_33	0	0	0	0	0	0	0	0	0	1026	230	39
ASV_34	0	0	0	0	25	0	0	0	0	955	197	46
ASV_35	4	15	0	0	28	2	25	44	287	218	557	39
ASV_36	0	0	69	1116	0	0	0	0	0	0	0	0
ASV_37	0	0	0	0	0	0	0	0	19	1106	36	3
ASV_38	0	0	1137	0	0	0	0	0	0	0	0	0
ASV_39	0	0	0	15	0	140	365	149	0	439	0	0
ASV_40	0	0	1101	0	0	0	0	0	0	0	0	0
ASV_41	0	0	0	38	0	106	129	167	367	288	0	0
ASV_42	26	521	0	0	0	0	0	0	75	0	322	142
ASV_43	0	0	0	0	0	10	51	129	0	864	0	0
ASV_44	0	0	0	0	0	0	0	0	67	0	806	156
ASV_45	0	0	0	992	0	0	0	0	0	0	0	0
ASV_46	0	0	0	0	0	0	0	0	47	942	0	0
ASV_47	537	393	49	0	0	0	0	0	0	0	0	0
ASV_48	0	0	0	0	937	0	0	0	0	0	0	0
ASV_49	64	867	0	0	0	0	0	0	0	0	0	0
ASV_50	0	0	0	0	0	0	0	0	238	16	570	107
ASV_51	0	0	0	0	0	0	0	0	129	778	0	0
ASV_52	0	0	0	0	0	20	36	835	0	3	0	0
ASV_53	260	615	0	0	0	0	0	0	0	0	0	0
ASV_54	0	0	853	0	0	0	0	0	0	0	0	0
ASV_55	0	0	208	595	0	0	0	0	0	0	0	0
ASV_56	0	0	742	0	0	0	0	0	0	0	0	0
ASV_57	42	21	0	0	36	10	18	209	356	30	0	0
ASV_58	0	0	0	0	0	25	142	12	0	537	0	0
ASV_59	4	30	0	0	0	0	0	0	118	9	459	84
ASV_60	0	0	0	0	210	29	30	42	9	380	0	0
ASV_61	0	121	0	0	67	3	14	15	107	365	0	0
ASV_62	0	0	582	92	0	0	0	0	0	0	0	0
ASV_63	0	0	0	0	0	0	0	0	0	520	123	0
ASV_64	0	0	422	199	0	0	0	0	0	0	0	0
ASV_65	20	582	0	0	0	0	0	0	0	0	0	0
ASV_66	0	0	555	45	0	0	0	0	0	0	0	0
ASV_67	27	171	117	0	0	0	0	0	95	0	108	68
ASV_68	0	0	585	0	0	0	0	0	0	0	0	0
ASV_69	0	27	435	0	7	0	0	24	0	0	79	4
ASV_70	0	5	0	0	0	5	3	31	495	25	3	9
ASV_71	0	0	507	32	0	0	0	0	0	0	0	0
ASV_72	0	0	0	0	0	9	52	223	250	0	0	0
ASV_73	0	0	0	387	0	0	0	31	0	78	35	0
ASV_74	0	0	0	0	0	0	6	41	103	263	98	8
ASV_75	0	0	169	349	0	0	0	0	0	0	0	0
ASV_76	235	165	30	0	0	0	0	0	0	0	69	14
ASV_77	42	415	0	0	49	0	0	0	0	0	0	0
ASV_78	182	312	0	0	0	0	0	0	0	0	0	0
ASV_79	0	0	0	0	0	6	65	126	269	25	0	0
ASV_80	0	0	0	0	5	3	0	15	455	8	0	4
ASV_81	0	8	0	0	14	5	29	56	129	96	150	0
ASV_82	0	0	6	0	479	0	0	0	0	0	0	0
ASV_83	0	0	103	375	0	0	0	0	0	0	0	0
ASV_84	15	454	0	0	0	0	0	0	0	0	0	0
ASV_85	27	29	83	18	0	27	23	26	0	0	51	183
ASV_86	0	0	0	0	0	0	0	0	50	184	188	16
ASV_87	0	0	0	0	0	4	22	68	169	112	50	0
ASV_88	0	0	0	34	0	8	55	134	175	14	0	0
ASV_89	0	0	185	234	0	0	0	0	0	0	0	0
ASV_90	0	0	0	0	0	2	16	16	371	6	0	0
ASV_91	25	63	0	0	0	0	0	0	35	0	195	87
ASV_92	21	140	0	0	0	0	0	0	0	236	0	0
ASV_93	0	0	0	0	106	0	0	0	0	0	123	166
ASV_94	10	0	35	314	7	0	7	12	0	5	0	0
ASV_95	0	0	0	258	0	15	0	34	52	31	0	0
ASV_96	0	0	0	0	0	0	0	0	152	226	0	0
ASV_97	0	0	31	334	0	0	0	0	0	0	0	0
ASV_98	0	0	235	129	0	0	0	0	0	0	0	0
ASV_99	10	346	0	0	0	0	0	0	0	0	0	0
ASV_100	0	0	27	316	0	0	0	0	0	0	0	0
ASV_101	0	0	0	215	0	0	0	0	52	65	0	0
ASV_102	0	3	157	0	0	0	0	0	25	0	86	59
ASV_103	0	0	0	0	0	9	16	213	0	81	10	0
ASV_104	0	0	172	155	0	0	0	0	0	0	0	0
ASV_105	0	0	0	0	0	74	14	194	44	0	0	0
ASV_106	0	0	0	0	0	0	0	0	0	116	206	0
ASV_107	0	0	0	0	0	0	0	0	85	236	0	0
ASV_108	0	0	319	0	0	0	0	0	0	0	0	0
ASV_109	0	0	0	0	0	5	26	268	13	0	0	0
ASV_110	0	0	0	0	0	0	0	0	64	247	0	0
ASV_111	23	0	110	0	42	0	0	0	0	0	131	0
ASV_112	2	19	0	0	19	4	0	29	195	36	0	0
ASV_113	0	0	0	0	0	0	0	0	0	47	193	50
ASV_114	0	0	29	255	0	0	0	0	0	0	0	0
ASV_115	0	0	0	0	0	0	13	80	171	12	0	0
ASV_116	24	19	38	0	0	0	0	0	109	0	51	34
ASV_117	0	0	272	0	0	0	0	0	0	0	0	0
ASV_118	0	36	0	0	0	0	0	0	161	68	0	0
ASV_119	0	10	0	0	15	0	0	26	22	83	85	15
ASV_120	0	0	67	170	0	0	5	11	0	0	0	0
ASV_121	0	10	0	0	0	0	2	0	111	62	47	8
ASV_122	0	0	230	0	0	0	0	0	0	0	0	0
ASV_123	0	0	20	16	0	0	0	0	0	23	154	16
ASV_124	0	0	9	216	0	0	0	0	0	0	0	0
ASV_125	66	73	22	0	0	0	0	0	0	4	28	24
ASV_126	0	0	0	0	0	4	0	32	81	60	28	12
ASV_127	0	0	213	0	0	0	0	0	0	0	0	0
ASV_128	0	0	0	0	0	0	0	0	0	212	0	0
ASV_129	0	0	0	0	0	11	0	123	61	7	0	0
ASV_130	0	198	0	0	0	0	0	0	0	0	0	0
ASV_131	0	190	0	0	0	0	0	0	0	0	0	0
ASV_132	0	0	190	0	0	0	0	0	0	0	0	0
ASV_133	0	0	0	0	0	0	0	0	37	10	102	38
ASV_134	0	0	50	133	0	0	0	0	0	0	0	0
ASV_135	0	15	0	0	0	0	30	135	0	0	0	0
ASV_136	0	0	180	0	0	0	0	0	0	0	0	0
ASV_137	0	0	11	169	0	0	0	0	0	0	0	0
ASV_138	0	0	178	0	0	0	0	0	0	0	0	0
ASV_139	0	0	0	0	0	3	5	8	46	114	0	0
ASV_140	0	0	174	0	0	0	0	0	0	0	0	0
ASV_141	0	0	42	132	0	0	0	0	0	0	0	0
ASV_142	0	0	0	174	0	0	0	0	0	0	0	0
ASV_143	0	0	107	64	0	0	0	0	0	0	0	0
ASV_144	5	9	78	75	0	0	0	0	0	0	0	3
ASV_145	0	0	11	155	0	0	0	0	0	0	0	0
ASV_146	0	0	0	0	0	0	0	163	0	0	0	0
ASV_147	0	0	0	0	0	0	0	56	104	0	0	0
ASV_148	0	56	0	0	0	0	0	0	0	99	0	0
ASV_149	0	0	55	99	0	0	0	0	0	0	0	0
ASV_150	0	0	0	55	0	3	22	47	26	0	0	0
ASV_151	0	0	0	0	86	0	0	0	0	0	13	52
ASV_152	0	0	0	0	0	9	8	76	54	0	0	0
ASV_153	0	0	0	142	0	0	0	0	0	0	0	0
ASV_154	0	2	0	0	0	0	0	0	139	0	0	0
ASV_155	0	0	0	0	0	0	0	0	0	141	0	0
ASV_156	0	0	138	0	0	0	0	0	0	0	0	0
ASV_157	0	0	0	137	0	0	0	0	0	0	0	0
ASV_158	0	0	0	0	0	0	2	8	127	0	0	0
ASV_159	0	0	93	43	0	0	0	0	0	0	0	0
ASV_160	0	0	11	124	0	0	0	0	0	0	0	0
ASV_161	0	8	0	22	47	17	29	11	0	0	0	0
ASV_162	0	0	7	126	0	0	0	0	0	0	0	0
ASV_163	0	0	0	0	0	0	0	0	0	133	0	0
ASV_164	0	0	0	0	0	0	0	132	0	0	0	0
ASV_165	0	0	0	0	0	0	0	0	132	0	0	0
ASV_166	0	0	0	0	0	0	16	0	0	72	39	4
ASV_167	0	0	0	0	0	0	0	129	0	0	0	0
ASV_168	0	0	0	0	0	0	0	0	19	53	50	7
ASV_169	0	126	0	0	0	0	0	0	0	0	0	0
ASV_170	0	0	0	126	0	0	0	0	0	0	0	0
ASV_171	0	0	0	0	0	0	0	0	0	80	42	0
ASV_172	0	0	0	0	2	2	4	57	3	31	9	12
ASV_173	0	0	0	0	0	0	0	0	86	21	10	0
ASV_174	0	0	70	46	0	0	0	0	0	0	0	0
ASV_175	19	21	0	0	0	0	0	0	74	0	0	0
ASV_176	0	0	0	0	0	0	0	0	0	0	82	32
ASV_177	0	0	112	0	0	0	0	0	0	0	0	0
ASV_178	0	4	0	0	107	0	0	0	0	0	0	0
ASV_179	0	0	111	0	0	0	0	0	0	0	0	0
ASV_180	0	0	0	111	0	0	0	0	0	0	0	0
ASV_181	0	0	0	0	103	0	0	0	0	8	0	0
ASV_182	0	0	0	107	0	0	0	0	0	0	0	0
ASV_183	0	0	0	0	0	0	0	0	0	102	0	0
ASV_184	5	4	0	0	0	0	7	0	6	36	36	6
ASV_185	0	16	0	0	53	5	10	11	0	0	4	0
ASV_186	0	0	0	0	0	0	0	0	99	0	0	0
ASV_187	0	0	98	0	0	0	0	0	0	0	0	0
ASV_188	0	0	0	0	0	0	0	0	97	0	0	0
ASV_189	0	0	0	0	0	0	0	0	0	0	89	7
ASV_190	0	0	95	0	0	0	0	0	0	0	0	0
ASV_191	0	0	68	27	0	0	0	0	0	0	0	0
ASV_192	4	89	0	0	0	0	0	0	0	0	0	0
ASV_193	0	0	0	0	0	0	0	0	0	93	0	0
ASV_194	0	4	0	0	0	0	0	0	87	0	0	0
ASV_195	0	0	0	0	23	0	0	0	0	0	59	9
ASV_196	0	0	0	0	0	0	0	0	0	25	54	11
ASV_197	0	0	84	0	0	0	0	0	0	0	0	0
ASV_198	0	0	84	0	0	0	0	0	0	0	0	0
ASV_199	0	0	81	0	0	0	0	0	0	0	0	0
ASV_200	0	0	80	0	0	0	0	0	0	0	0	0
ASV_201	0	0	77	0	0	0	0	0	0	0	0	0
ASV_202	0	0	76	0	0	0	0	0	0	0	0	0
ASV_203	0	0	47	28	0	0	0	0	0	0	0	0
ASV_204	0	0	65	9	0	0	0	0	0	0	0	0
ASV_205	0	0	0	0	0	0	0	0	72	0	0	0
ASV_206	0	0	0	0	0	0	0	0	51	0	20	0
ASV_207	0	0	0	0	0	3	0	11	55	0	0	0
ASV_208	0	2	0	0	0	0	0	11	52	0	0	0
ASV_209	0	0	0	0	0	0	0	0	65	0	0	0
ASV_210	0	0	0	0	0	0	0	0	58	0	0	0
